1 1408358
2 58383
3 2061
4 57
5 12
6 33
7 23
8 28
9 15
10 22
11 17
12 30
13 21
14 47
15 58
16 99
17 113
18 195
19 312
20 540
21 811
22 1194
23 1823
24 2469
25 3409
26 4666
27 6012
28 7527
29 9142
30 10666
31 12113
32 13169
33 14198
34 15078
35 15156
36 14987
37 14549
38 13606
39 12539
40 11207
41 9873
42 8512
43 6867
44 5345
45 4460
46 3641
47 2712
48 1990
49 1495
50 1091
51 793
52 549
53 358
54 233
55 161
56 102
57 77
58 45
59 28
60 13
61 5
62 1
63 2
64 4
65 3
66 5
67 4
68 3
69 7
70 1
71 5
72 8
73 5
74 1
75 1
77 2
79 1
82 1
83 1
95 1
97 1
98 2
101 1
104 2
105 1
